3703694776023
12522063011144
16683532343363
16725500088852
17551373616191
21150285087017
24997698352584
25771393241063
27141746342066
32603191963564
33355113951698
33373174445483
40135001466946
52904105886554
54267487195332
62993059179672
65617729843018
66417400180258
68792473092968
71889932481702
76535402502726
77910711329991
79103686168667
83832538543685
86205975593482
86709255682763
89217825112117
90466295445917
92718753643175
98055163335582
100178539101135
101894942197086
102565214680028
106776035873039
107762944101995
110100254491429
111250015466157
111918366252389
112288126498296
112565798999620
113769038976489
114691889174745
116289689660513
116589162149174
116925212033615
126141660684959
131111881973894
135411200181186
143345725674503
148554695608225
150497667828147
167043047663236
169624182697529
171696315934934
171764226221571
175896512464017
178733332903406
183752051883782
185135589226004
190599583623642
191598411457504
194352815573588
195539820147899
195908969986613
198176128092587
203011812090168
204848266864272
207114001673048
219126784303370
219127232708164
220404521261480
227557656529835
234488146968831
239945629602519
240298457663159
241518479363894
241979920125371
247026401478011
248202950098135
249343933607083
251532409189057
252861414296929
252863754782006
257814287504831
259088076671028
263511612897560
265393417158242
268748182387402
269557356063693
270873324267804
273169705301671
275037120221046
279171083054766
284796527510384
285411947115217
293631713009889
296682660121471
304218464342357
307284350852425
309739075521586
311935564800556
312258088334861
313805160671801
320413748797826
320800131693944
324230192022775
327506758448950
330642771468364
333578810836565
336951755065573
339099228340726
341008182162706
341666494353315
347197665990378
350602349011472
355068611980657
357076974931262
357097696307611
367745128085240
377153256495223
377510398200963
379935127364017
380669326629949
382644013236755
386621431482715
390926245878939
394997996693725
397937306358997
398701726680669
404290363667548
406558773073729
418142356576564
418367352246763
419966752631691
425106164556257
435782664399408
436440873577812
436846893276547
438594349490792
438854574541963
442379340315192
448223986562665
448962290097556
458160611700585
461446725332191
463662742939420
467060140985684
468800565874948
469119490768269
472429909944599
473480627538891
481883942840175
483348184811890
491199959981751
494826214448988
498229868455789
536326818739220
538882355064724
540841000010622
545034796114697
546390065056310
547350398998973
551989362894414
552244608156192
558735877332876
559336936231878
568000522973802
571557648904164
572885030955695
576254598625185
580717303928681
585844926888365
588437783155002
590105686254881
594525377085140
598274857897757
601889169876924
606392454750462
608678462596380
609934825034092
610181507915322
611156861902846
612498938365174
616882705096529
621014487617382
635136383123691
635298790804574
636729285540945
639801425130105
641497577649551
642572636960849
644978940629776
649936829809338
652324546143338
659362540556615
666400861028399
670478382943540
673908089802275
681795679544439
690623632202753
700059310672934
708978815766062
728525780166071
730627061744034
734243807774155
739730488963525
740607477961099
742449454393303
747536102775304
749169256974776
751099803827720
753153853702987
760199217039095
767973926198089
768617718185904
769475990518197
769954764926391
772304653207534
776074864329597
780927423520861
785648654295272
785842719842079
788699946358381
798868643812160
806065740141997
806540983549507
811813304941044
813707845928891
816503841678163
820288749272502
822834791155571
823611825934046
827541627309882
828816348121895
829780933409130
832839452246241
838862162164301
849299192264220
856867875933448
857273407851175
858019774603454
861506284070722
861763781830808
875134964763787
876228623607351
877463201362698
877898994993102
881208268630405
889716034582361
892684572200909
897063241324019
901931471834337
905559001582774
907310714922475
909557781804548
910260459544594
918834079791315
922005921377760
924337930096207
924694737817066
931049396265524
936156697600155
950790026596952
953134083540635
956777688150257
956794137753897
956958540040835
961450797062312
962585394603222
966600094746660
969964248239860
971475441995351
978850611402558
979340250776451
986503871161103
990205170173965
993024786300312
1000793834431881
1001921970146503
1002190466327595
1002750953623334
1003569352056194
1004403388656351
1004930556369066
1009557435291109
1012693995966716
1015224369540793
1021838098774831
1022825183910212
1024116778875076
1025475811135389
1027100588271656
1031418968211075
1034854861581131
1034885899455332
1035348009397075
1037573376058045
1040906481516572
1044221899305861
1044693020825223
1046243940463388
1051896060691813
1053649852479242
1056399742412383
1056815373995971
1058355358276771
1061014529070670
1062265454900130
1066889230817105
1072351958742583
1073757075132416
1076579573766205
1085464144855401
1085810590136519
1093706599324609
1094962604173747
1104080838638807
1110463687231669
1113547510077440
1124632343461454
1138218115835429
1140012540019696
1142966623106825
1145125463956471
1147610223223647
1149574884354257
1153526756527497
1154395939808905
1154625347894374
1156519831795465
1156577842927566
1156936765056096
1157467251442626
1158716490930212
1158832383796823
1161793480607077
1171980783285280
1172164637492226
1172425383849908
1173007802359188
1177183468310475
1178572981144597
1179155664979175
1179841551578480
1184469739507378
1192224339153287
1193194748379973
1193310083082208
1195262552234249
1204751753802167
1206109020850657
1209073613719220
1213973224068578
1214229549227707
1223472291905776
1228794839154904
1231472998157845
1237411659816964
1238181206405414
1248171481961867
1249140625378049
1250420615792499
1262366023195776
1267845926174859
1270621240174851
1270945958952461
1271152529340978
1277145842427434
1278839460809518
1279648188870847
1285144604825541
1285226976702363
1285410121505847
1289394051340419
1292922906566475
1293840135957021
1294795083337746
1299663573122311
1304950177664488
1306937454668551
1308079881551649
1308106938819177
1309468505503115
1315453574816614
1320911465824075
1323243579668033
1323683905492377
1327617093048938
1328257188593957
1337626124900737
1337823682935323
1338426797289558
1345552894532943
1347659037780763
1350281300930207
1350584707787619
1352371759672857
1355565657226279
1357262347445806
1370484209987595
1370559325721362
1371094444841213
1378241694567182
1390675320180837
1397245118305521
1399138228058685
1400958486026933
1405577059608436
1416727865545266
1422646266615883
1428472557280637
1428791016283229
1437404333118871
1438819105992382
1441645184802638
1443986292471515
1444165739257029
1444859715970861
1446238744318165
1448281385951810
1452769867915484
1458939511156390
1465483891283631
1468435389131163
1469601030702258
1470093577691192
1477834082216342
1489532808730924
1497370230207940
1501840430117884
1503893107066553
1506544743870655
1515481216234594
1518556890623136
1525557707760212
1525562526492942
1526039318580833
1526388199669049
1528444436721677
1528752940936261
1532231731304012
1535063496938977
1537020432648880
1541037172577104
1549530261020368
1550977950057176
1554384620856693
1560440145576633
1561211337072795
1561392880694962
1565506340163002
1568756855591696
1571845198751926
1574712798197965
1578041137257892
1579611929371771
1580668012123321
1589935211180918
1590631988888441
1594814692912764
1598805435575473
1604112006613713
1615805749241267
1616057056259838
1616248529153055
1623756785893861
1625388712794197
1626679595848192
1629191997749152
1632042571373627
1632545932299825
1639927227006797
1644436749735721
1646305274637223
1646314243919347
1656404760027698
1659848504113041
1660790484797267
1668731490461007
1669903458003823
1671813958193083
1672317452907448
1684541581264319
1686868472005240
1691442091018326
1693065755421999
1693082404291748
1699078812835482
1701534566916444
1703437916199732
1706699971125269
1708154517788500
1708450219601223
1709208928259084
1710580230436138
1719461470643099
1724031441810059
1731414752328248
1733488330992367
1735392745832045
1740395278342643
1751698265555764
1752908108796220
1753308552137375
1753771755791029
1756517806858748
1756687539404719
1761374391450879
1762630490657248
1763833688373868
1764838771920937
1765399490975923
1767001339426217
1776133554019934
1786106073311873
1787259017597685
1787998382186824
1789900134822701
1801275206256617
1802457946327669
1802982444863312
1808464570083889
1812744655888381
1820959062880842
1827235886236624
1830268693993444
1831883332937520
1835139510972615
1844924951981928
1847629881531119
1850941908679371
1853196278886744
1855176227306009
1858217593308953
1872575906889485
1874542107503308
1876207015413196
1882484501008945
1887627906882134
1891261093359267
1899441711775566
1907536247032118
1913472879708869
1916948679539307
1917220597480439
1917462362719845
1922264350502195
1923519840848274
1929741658729314
1930759754111553
1934678717528993
1936255444455825
1947362805623621
1950351940048555
1951801563728943
1953999342060852
1955559625503217
1956939094953262
1957701014063289
1958335824154835
1958869039156100
1964534178586289
1964997788744016
1969003266570787
1971712898559437
1974598399054984
1980568214822849
1981067029344623
1981154059288291
1995644919788432
1995986330027191
1999653908166971
2004039151534897
2010487270906569
2014658280982556
2015248689971564
2016164553764703
2017863976585964
2019325732740981
2019585422459536
2023409032137504
2023429428011322
2025746269927368
2027378035780221
2028072384929697
2029010057673557
2029463840150225
2031192927792843
2039697840715802
2041358419321528
2041565732481514
2045576691854597
2054121759032486
2054710580080339
2055835598859733
2061913944260074
2063008413757867
2063904110392604
2069696959583009
2073715707596673
2085565202986971
2087057658268076
2088069525771659
2096373986414202
2098982571856576
2104519934924809
2109338263586241
2109437211441330
2109825994698043
2111625722039990
2114613282968616
2115819507100504
2119151366529277
2119430287017055
2120418862012154
2122484177682025
2125609024105363
2132734055665043
2133104663716974
2133746750881594
2135096604875718
2144295051339044
2144861695090934
2153136934395861
2156219194149567
2158501526794469
2164808574747226
2166916793541235
2167242595203119
2171203690601800
2172287414552644
2177527681517552
2177821880959407
2181081730658196
2187887423180628
2193889836206911
2194026537071857
2200240325502302
2201189900979833
2203602782592944
2203909323521797
2206896186809891
2209227890905803
2209299347388853
2211096632368775
2211190714555095
2212822234758756
2213129570848532
2215280247524439
2215385946845855
2217824728075048
2220943948307820
2224917765082082
2227481306654124
2232265696954491
2235497740665523
2239183959286133
2241011611182580
2243032658349719
2249465920644360
2251884510464989
2254104781395345
2259632172825864
2261620935442464
2263586660612036
2269985197005983
2273838361048952
2281558473473012
2283166624204130
2284532593561806
2288953000098108
2289534317079988
2299373121453984
2302143995115746
2312878396041528
2313083550406390
2314307504759831
2316787462754888
2319028505625418
2320997905608487
2325350755879136
2331036032591016
2332595734174534
2336944292198780
2341001259207800
2342397466617075
2343853854830583
2346698706320505
2347756505567837
2350095992175591
2350144269647188
2353730651177615
2364893325534931
2365414048390744
2366122170656712
2367014159726613
2368906433310811
2369345891505872
2370192225385749
2375382411513780
2391614908888951
2392936587491291
2397689414378114
2399109144087028
2403884218355596
2407186399323232
2408363197917556
2409391466709503
2409861074473399
2410197458295558
2417982387782565
2419069951679570
2423211172870677
2427010367737622
2427506813960305
2428115782695990
2428235422771172
2431147396931338
2435995871201630
2436520988387086
2437385865757479
2438746107822056
2440967105688895
2441464999887780
2446087213431191
2455948336809545
2458019191831029
2471969595081801
2472140177142350
2474149675777685
2475314713904717
2481990979504207
2483232887628313
2488857113487989
2494415491640334
2495673317636489
2498401103564525
2500580522931027
2500975352543500
2502397184612176
2508983603584979
2509715549919396
2511751773952091
2513155861381520
2513275657722041
2516513634028452
2517505051346271
2521002441265700
2526240495254663
2535876467420972
2538038350386480
2542333869410305
2545335484921653
2546086870418754
2555873083818265
2559951211121412
2562883673752919
2564237403603359
2564931009789095
2569804992065676
2571781153471230
2572598084629362
2581034133583066
2589398439520608
2591063679385680
2596002053130697
2602896093442509
2607549250757871
2610147007996089
2616447217909057
2616708825090300
2618291197369414
2622250198347614
2623747523193354
2624878766120106
2629720185060328
2633509876997698
2639883009031439
2640078475481372
2641068255975445
2646300381403787
2651809316853810
2654315936224170
2656744009072645
2657628209997025
2664362379264181
2679207567196806
2681841310609335
2682230475466206
2682235950348030
2682260236873009
2682827334041644
2696906355795514
2707154566713022
2707290026870716
2715090327597901
2725345554993064
2731408912889259
2738453673972739
2741660511556431
2744473906118431
2746740739822815
2749301324841119
2750369727553093
2750408660657524
2752423935891959
2756071361360475
2764657354948603
2765356004920344
2766065063510668
2772284167605343
2774956265109566
2777956427972420
2779551068544955
2780876524840844
2788599090376268
2790759863837607
2791711361773895
2796165567564554
2796934217008523
2799292310626878
2802885629650446
2805197600615205
2811749323396711
2814788311379466
2818908710349372
2823011945287437
2824235399295266
2827861308312231
2828057280695711
2830165140481448
2830259086277627
2833087346273922
2834613235985145
2855125351690727
2855474670840254
2856215005730980
2857242037990167
2862025196574124
2862132579312605
2868199030500362
2868657437681302
2871178830644782
2883969369356989
2885435925236443
2885684181587029
2886624360716170
2886812665780162
2892959284792378
2897095043949180
2904670804484916
2909024785801575
2909449267180539
2909476481185125
2910129343563738
2912631490053512
2915178544995369
2917966323538534
2920066062038110
2923707812386141
2927923311056621
2929015298427587
2935382216684553
2940092630809820
2946586747552401
2953543609151018
2953876267695651
2959250607480491
2966396400958864
2969184744463716
2973186577349424
2976245038557084
2983947831910337
2985173944610375
2987482276307270
2990805349977143
2994454008158770
2994704173026852
2994725740515941
3004214746770134
3005312060169169
3007323831692818
3009046704019813
3015478246262911
3020314390764917
3021511801402073
3022689456030471
3029860654573792
3032025711852414
3037301542633117
3046942532736602
3048345323157728
3051255902187119
3058265525461530
3060027864623396
3061946979607071
3062102582500787
3066389164804375
3066520441915813
3067442679313441
3067617749310490
3069588084448814
3074702185506880
3075220407582460
3076244208144327
3081894958282806
3082828996070904
3095274585087045
3104360938756022
3107578816854409
3112190251462546
3113226145811862
3118812205090388
3119791007357666
3131411599493219
3131734316784638
3132682207292497
3132925813753493
3133576049751625
3141363853260471
3143797722484603
3148514413817638
3148897366994230
3151103808181412
3151917161098580
3156079150759700
3156480916105693
3159271588902650
3164525091077613
3167718230972956
3168575450833798
3170370480028284
3176686928818846
3182112634136143
3189533497565395
3193706453044838
3194308357559112
3195488200716776
3197456459879687
3202400544324347
3203298087861934
3205569263312945
3209681851269886
3212616315093692
3213970056970601
3213988571539449
3217544566048649
3224023476960008
3225178300018176
3230869729714732
3233217934193683
3237005651498609
3238514465894546
3243666353441572
3254156206685824
3256898306976357
3259000384147840
3259397157512471
3260711832345837
3261513360556526
3262376948747614
3275817234748541
3282079768381895
3285863149081422
3290751826004107
3298104694887216
3301669530810893
3304166496816853
3308465573850446
3309064512593650
3309153399130101
3312750158140177
3320900876696445
3322417381274756
3324783922465598
3326614806453267
3332031864527052
3334521995297550
3338013074967905
3341964779300120
3348809923047007
3354456329798908
3360793887233705
3364210976543527
3365541559217554
3367062585985197
3370100951126196
3383050972815065
3384681920227564
3385759904131899
3387206683861419
3387950719650663
3389100120874734
3391826174525466
3393011265291627
3395256208930528
3396327423037428
3397773105741955
3399648649598797
3399904051063777
